% #nn, nn_start_id, patch_size
nn_input = [ 1, 1, 1;...
	     1, 2, 1;...
	     1, 3, 1;...
	     1, 4, 1;...
	     1, 5, 1;...
	     1, 6, 1;...
	     1, 7, 1;...
	     1, 8, 1;...
	     1, 9, 1;...
	     1,10, 1;...
	     3, 1, 1;....
	     3, 3, 1;...
	     3, 5, 1;....
	     3, 7, 1;....
	     3, 9, 1;....
	     5, 1, 1;...
	     5, 4, 1;...
	     5, 7, 1;...
	     1, 1, 3;...
             1, 2, 3;...
             1, 3, 3;...
             1, 4, 3;...
             1, 5, 3;...
             1, 6, 3;...
             1, 7, 3;...
             1, 8, 3;...
             1, 9, 3;...
             1,10, 3;...
             3, 1, 3;....
             3, 3, 3;...
             3, 5, 3;....
             3, 7, 3;....
             3, 9, 3;....
             5, 1, 3;...
             5, 4, 3;...
             5, 7, 3;...
	     1, 1, 5;...
             1, 2, 5;...
             1, 3, 5;...
             1, 4, 5;...
             1, 5, 5;...
             1, 6, 5;...
             1, 7, 5;...
             1, 8, 5;...
             1, 9, 5;...
             1,10, 5;...
             3, 1, 5;....
             3, 3, 5;...
             3, 5, 5;....
             3, 7, 5;....
             3, 9, 5;....
             5, 1, 5;...
             5, 4, 5;...
             5, 7, 5;...
	     1, 1, -1;...
             1, 2, -1;...
             1, 3, -1;...
             1, 4, -1;...
             1, 5, -1;...
             1, 6, -1;...
             1, 7, -1;...
             1, 8, -1;...
             1, 9, -1;...
             1,10, -1;...
             3, 1, -1;....
             3, 3, -1;...
             3, 5, -1;....
             3, 7, -1;....
             3, 9, -1;....
             5, 1, -1;...
             5, 4, -1;...
             5, 7, -1];
